3,2
3,1
3,3
10,171
10,129
10,67
10,133
10,119
10,75
10,121
8,17
8,12
8,13
8,9
8,18
8,16
12,3
12,2
20,2
12,1
11,30
11,29
11,28
11,27
11,26
11,25
20,1
11,24
11,23
11,22
11,21
11,20
11,19
11,18
11,17
20,3
11,16
11,15
11,14
11,13
11,12
11,11
11,10
11,9
11,8
11,7
11,6
11,5
11,4
11,3
11,2
11,1
10,315
10,314
10,313
10,312
10,311
10,310
10,309
10,308
19,2
19,1
10,307
10,306
19,3
10,305
10,304
10,297
10,294
10,284
10,282
10,276
10,272
10,268
10,255
10,249
10,240
10,233
10,230
10,217
10,215
10,213
10,210
10,176
10,167
10,164
10,159
10,154
10,146
10,136
10,135
10,114
10,101
10,84
10,83
10,81
10,77
10,70
18,1
10,33
18,3
10,32
10,30
14,1
10,27
14,3
10,24
